1951 003600
1952 003600
1953 003600
1954 003600
1955 004200
1956 004200
1957 004200
1958 004200
1959 004800
1960 004800
1961 004800
1962 004800
1963 004800
1964 004800
1965 004800
1966 006600
1967 006600
1968 007800
1969 007800
1970 007800
1971 007800
1972 009000
1973 010800
1974 013200
1975 014100
1976 015300
1977 016500
1978 017700
1979 022900
1980 025900
1981 029700
1982 032400
1983 035700
1984 037800
1985 039600
1986 042000
1987 043800
1988 045000
1989 048000
1990 051300
1991 053400
1992 055500
1993 057600
1994 060600
1995 061200
1996 062700
1997 065400
1998 068400
1999 072600
2000 076200
2001 080400
2002 084900
2003 087000
2004 087900
2005 090000
2006 094200
2007 097500
2008 102000
2009 106800
2010 106800
2011 106800
2012 110100
2013 113700
2014 117000
2015 118500
2016 118500
2017 127200
2018 128400
2019 132900
2020 137700
2021 142800
2022 147000
2023 160200
2024 168600
2025 176100
