1975 08.00
1976 06.40
1977 05.90
1978 06.50
1979 09.90
1980 14.30
1981 11.20
1982 07.40
1983 03.50
1984 03.50
1985 03.10
1986 01.30
1987 04.20
1988 04.00
1989 04.70
1990 05.40
1991 03.70
1992 03.00
1993 02.60
1994 02.80
1995 02.60
1996 02.90
1997 02.10
1998 01.30
1999 02.50
2000 03.50
2001 02.60
2002 01.40
2003 02.10
2004 02.70
2005 04.10
2006 03.30
2007 02.30
2008 05.80
2009 00.00
2010 00.00
2011 03.60
2012 01.70
2013 01.50
2014 01.70
2015 00.00
2016 00.30
2017 02.00
2018 02.80
2019 01.60
2020 01.30
2021 05.90
2022 08.70
2023 03.20
2024 02.50
