1979 00180 01085
1980 00194 01171
1981 00211 01274
1982 00230 01388
1983 00254 01528
1984 00267 01612
1985 00280 01691
1986 00297 01790
1987 00310 01866
1988 00319 01922
1989 00339 02044
1990 00356 02145
1991 00370 02230
1992 00387 02333
1993 00401 02420
1994 00422 02545
1995 00426 02567
1996 00437 02635
1997 00455 02741
1998 00477 02875
1999 00505 03043
2000 00531 03202
2001 00561 03381
2002 00592 03567
2003 00606 03653
2004 00612 03689
2005 00627 03779
2006 00656 03955
2007 00680 04100
2008 00711 04288
2009 00744 04483
2010 00761 04586
2011 00749 04517
2012 00767 04624
2013 00791 04768
2014 00816 04917
2015 00826 04980
2016 00856 05157
2017 00885 05336
2018 00895 05397
2019 00926 05583
2020 00960 05785
2021 00996 06002
2022 01024 06172
2023 01115 06721
2024 01174 07078
2025 01226 07391
