1951 002799.16
1952 002973.32
1953 003139.44
1954 003155.64
1955 003301.44
1956 003532.36
1957 003641.72
1958 003673.80
1959 003855.80
1960 004007.12
1961 004086.76
1962 004291.40
1963 004396.64
1964 004576.32
1965 004658.72
1966 004938.36
1967 005213.44
1968 005571.76
1969 005893.76
1970 006186.24
1971 006497.08
1972 007133.80
1973 007580.16
1974 008030.76
1975 008630.92
1976 009226.48
1977 009779.44
1978 010556.03
1979 011479.46
1980 012513.46
1981 013773.10
1982 014531.34
1983 015239.24
1984 016135.07
1985 016822.51
1986 017321.82
1987 018426.51
1988 019334.04
1989 020099.55
1990 021027.98
1991 021811.60
1992 022935.42
1993 023132.67
1994 023753.53
1995 024705.66
1996 025913.90
1997 027426.00
1998 028861.44
1999 030469.84
2000 032154.82
2001 032921.92
2002 033252.09
2003 034064.95
2004 035648.55
2005 036952.94
2006 038651.41
2007 040405.48
2008 041334.97
2009 040711.61
2010 041673.83
2011 042979.61
2012 044321.67
2013 044888.16
2014 046481.52
2015 048098.63
2016 048642.15
2017 050321.89
2018 052145.80
2019 054099.99
2020 055628.60
2021 060575.07
2022 063795.13
2023 066621.80
